alpha[1]	1	1000
alpha[2]	1001	2000
alpha[3]	2001	3000
alpha[4]	3001	4000
alpha[5]	4001	5000
alpha[6]	5001	6000
alpha[7]	6001	7000
alpha[8]	7001	8000
alpha[9]	8001	9000
delta[1]	9001	10000
delta[2]	10001	11000
delta[3]	11001	12000
delta[4]	12001	13000
delta[5]	13001	14000
delta[6]	14001	15000
delta[7]	15001	16000
delta[8]	16001	17000
delta[9]	17001	18000
tau[1]	18001	19000
tau[2]	19001	20000
tau[3]	20001	21000
tau[4]	21001	22000
tau[5]	22001	23000
tau[6]	23001	24000
tau[7]	24001	25000
tau[8]	25001	26000
tau[9]	26001	27000
